0001 -1.1909207638580863 0.5068088788858959 -4.0122430091297403 -0.1146432632889368 0.2031302476731577 0.0659535324628531 0.9701778992630045
0002 -1.1343396641451156 0.5101794164491097 -4.0152515213124227 -0.1156916783658035 0.2775877088958221 0.0736996714575472 0.9508569071389877
0003 -1.1073458588283587 0.5153505578587658 -4.0210885105518566 -0.1192886484648933 0.3177320907420361 0.0803572364357335 0.9372082220150043
0004 -1.0847126507516558 0.5209800396831403 -4.0286175101023014 -0.1276465968998836 0.3524990595899826 0.0835706046206217 0.9232912397133423
0005 -1.0652269667426149 0.5229827695183826 -4.0358282533907115 -0.1367535256510292 0.3827735689869338 0.0849569124187000 0.9097061015181220
0006 -1.0481621241745513 0.5262487680505810 -4.0397489550271324 -0.1402561765559472 0.4111680551849231 0.0890532671376663 0.8962915546547690
0007 -1.0321723120725796 0.5276171279559131 -4.0417729421751183 -0.1407015032821301 0.4429995312450463 0.0954670414108278 0.8802502748054565
0008 -1.0164573412947329 0.5284115742312193 -4.0426513706798648 -0.1386987867281038 0.4877290046635185 0.1029349903314095 0.8557379577508282
0009 -1.0018018308032752 0.5283624213462794 -4.0389915747368903 -0.1400656116557297 0.5195891861051879 0.1057776044058697 0.8361936381725288
0010 -0.9894721348790908 0.5276913309352121 -4.0320278847393007 -0.1413954784783688 0.5421987213238200 0.1123403325280389 0.8206141084262306
0011 -0.9800121200254002 0.5267098187570246 -4.0268800929690887 -0.1403951809105302 0.5622696449360096 0.1198067621118665 0.8060945225672380
0012 -0.9700185143916082 0.5234163063347617 -4.0256719597260631 -0.1427839633836482 0.5827476787627653 0.1203114421300069 0.7909127888646533
0013 -0.9613209247338189 0.5179591421068174 -4.0253253167992478 -0.1396414922201178 0.6017835049629774 0.1215220665818466 0.7769100682438667
0014 -0.9548769455289369 0.5155770462191245 -4.0192946410777965 -0.1394171723435625 0.6090626569868879 0.1140138045226549 0.7724029934548851
0015 -0.9490228604651332 0.5121435629981057 -4.0094208375833906 -0.1428298100794100 0.6044464529209510 0.1060320524264125 0.7765316057715892
0016 -0.9429725053994295 0.5111843025250341 -4.0004028689851072 -0.1432797559647127 0.5969665905267304 0.1026163738464604 0.7826695861883143
0017 -0.9357761495124097 0.5116165732989671 -3.9942142762130559 -0.1417794442009186 0.5875931679309719 0.1007091359324579 0.7902471310562669
0018 -0.9265582161470823 0.5123977294558686 -3.9870379311314834 -0.1402964814941566 0.5732049839291065 0.0995538645415981 0.8011504051887047
0019 -0.9144471349429014 0.5130956258526664 -3.9800319946148122 -0.1370085549454087 0.5571226745459658 0.1001517105195480 0.8129038173477409
0020 -0.9015247126191144 0.5132202081234972 -3.9733376207853710 -0.1356530433593620 0.5417106590207154 0.0977876259740814 0.8237629476597252
0021 -0.8894581141829585 0.5146265874293228 -3.9661610339492901 -0.1337315806814143 0.5233847025248686 0.0933365584099106 0.8363447879646285
0022 -0.8785489273216722 0.5160545441784561 -3.9607030914067876 -0.1301452348908769 0.5082977715726077 0.0942665651624847 0.8460552038383707
0023 -0.8705792382103108 0.5166059936494448 -3.9520579127679385 -0.1278932533724298 0.4868616988466489 0.0925543721960656 0.8590941101680085
0024 -0.8636322827204319 0.5167503748949022 -3.9431714499115342 -0.1259417690717279 0.4670950148689510 0.0891632229627198 0.8706381783258523
0025 -0.8587237148562321 0.5165404106327397 -3.9326639596469630 -0.1258450850331529 0.4515656719450787 0.0898018818185954 0.8787417598564587
0026 -0.8544730503495352 0.5156886046658029 -3.9194654223233365 -0.1272769722938016 0.4386110922185693 0.0863601472975467 0.8854167420290302
0027 -0.8527500686553149 0.5144962278452302 -3.9034681024308147 -0.1297965744449932 0.4240706393119770 0.0825475556885272 0.8924700797145669
0028 -0.8520382681890311 0.5106918336864630 -3.8857636631672796 -0.1301250006566212 0.4066267181493937 0.0770420806179247 0.9009920721655820
0029 -0.8511743542817376 0.5071071506738569 -3.8707058796238751 -0.1247826390946567 0.3898247302691222 0.0732887140562974 0.9094474899867242
0030 -0.8501381080810020 0.5048570824059944 -3.8565857427734311 -0.1229450617694432 0.3735756247411242 0.0714574808598205 0.9166349288647881
0031 -0.8507995779540771 0.5018683428971218 -3.8421333233150503 -0.1206483305375753 0.3520959168820352 0.0653207224655893 0.9258540105600170
0032 -0.8520675736689793 0.4988534768228863 -3.8305653575711958 -0.1158807354752491 0.3342164332793193 0.0597381934197033 0.9334357927135191
0033 -0.8535501643522188 0.4971232975481702 -3.8213121652440094 -0.1147455110621444 0.3216091551851007 0.0561079657591033 0.9382179465191379
0034 -0.8557986058367228 0.4962599098956202 -3.8133572624180871 -0.1152352356658868 0.3089427102244064 0.0548202066729225 0.9424807622442826
0035 -0.8578536002848549 0.4954114477032989 -3.8064313501977627 -0.1146032886798383 0.2963324328141758 0.0536031853364870 0.9466677738298583
0036 -0.8609049361043378 0.4943610579307328 -3.7991988522424629 -0.1142075542076587 0.2826563086925342 0.0513682371694154 0.9510117506783612
0037 -0.8642058048498951 0.4929790006877570 -3.7913800990385278 -0.1130899886574829 0.2664591008288553 0.0487574386950315 0.9559460833241737
0038 -0.8683180340845958 0.4909635525121574 -3.7815652176394430 -0.1112625774357013 0.2509182186980213 0.0457550613641118 0.9605035974671532
0039 -0.8728630231633183 0.4886320236241480 -3.7708206637993609 -0.1088400812714118 0.2333271016684153 0.0403079328265783 0.9654468244740861
0040 -0.8775373652693208 0.4861334133461750 -3.7581483858219782 -0.1067913256151659 0.2159024991812625 0.0361281017955203 0.9698847786625449
0041 -0.8824488072778087 0.4834279894809076 -3.7439802518029643 -0.1045206718121098 0.1972298331048904 0.0330831926193873 0.9742080498864042
0042 -0.8882531705148624 0.4806921270143135 -3.7283688831392827 -0.1040474219079181 0.1815472456583311 0.0290999637227598 0.9774292422981437
0043 -0.8935576971177943 0.4778768695705068 -3.7127734940144150 -0.1024271933147764 0.1700258571771053 0.0257911677415477 0.9797625700277466
0044 -0.8985744674503333 0.4744448519902764 -3.6976077044223028 -0.1005411669812573 0.1615251662104695 0.0225730334441223 0.9814741731619112
0045 -0.9023916610571334 0.4713004536065690 -3.6841328636488133 -0.0987110571026786 0.1552004941978328 0.0185582993783567 0.9827637169384124
0046 -0.9066522698494006 0.4686513534661818 -3.6710530752798789 -0.0985320005364839 0.1490775983318722 0.0136055863456260 0.9838100439444959
0047 -0.9097559255993896 0.4668287939696826 -3.6606428590534614 -0.0990336705997358 0.1462194060443402 0.0107565204947337 0.9842238132916872
0048 -0.9122599876031499 0.4655601538199653 -3.6512663570672927 -0.1011568356871844 0.1396781443787023 0.0088083631771919 0.9849770166429357
0049 -0.9134253704736714 0.4642929933597059 -3.6411317642102605 -0.1025955071848597 0.1297087702757251 0.0086764851158170 0.9861919262623656
0050 -0.9101852072982810 0.4630230720620313 -3.6332550380184889 -0.0992472174427379 0.1225751195563338 0.0076799581534921 0.9874544790208737
0051 -0.9019221804907558 0.4641002649667054 -3.6279336877742256 -0.0975250036280233 0.1232274628411296 0.0060892889545099 0.9875559663275394
0052 -0.8902977449828395 0.4658460977615463 -3.6233421983381806 -0.1016362429317958 0.1302732470725447 0.0088439969379353 0.9862153613374953
0053 -0.8771448841104809 0.4691103313043287 -3.6202884592288589 -0.1048634907990765 0.1423409297653937 0.0120688024809223 0.9841732835317325
0054 -0.8651050418140533 0.4711559038256912 -3.6180022639919800 -0.1069779618714555 0.1530654332739634 0.0133937217159703 0.9823173097472522
0055 -0.8528828287001697 0.4722787937278233 -3.6172585157643664 -0.1085919710985228 0.1610375054256277 0.0142105639192402 0.9808530805030514
0056 -0.8411345197596716 0.4731544461154862 -3.6181751471231629 -0.1088342357926130 0.1718377763801313 0.0196897178590004 0.9788969316219162
0057 -0.8284718496081735 0.4748393224577506 -3.6205712513274126 -0.1091654335763314 0.1854935682251777 0.0253300793370426 0.9762343116997898
0058 -0.8142457749272018 0.4763491492767044 -3.6231505298333611 -0.1107834736956815 0.1975063378902862 0.0308488999024147 0.9735330573862901
0059 -0.7991635004247859 0.4783611557089386 -3.6246436402753521 -0.1121145490558986 0.2080544742948900 0.0336186981168814 0.9710887944739121
0060 -0.7829480581335441 0.4804528982053830 -3.6262681401060766 -0.1123662912443450 0.2194573663250957 0.0361482291133334 0.9684552578666779
0061 -0.7661180967784919 0.4821804412607475 -3.6291228144403007 -0.1114260785887862 0.2316253740506711 0.0391200333706252 0.9656104484186643
0062 -0.7535073417998268 0.4844263468822321 -3.6297036739610999 -0.1112886607680646 0.2400160874268610 0.0395443220448867 0.9635576569955542
0063 -0.7428651603843410 0.4854726094966184 -3.6290909121018329 -0.1129800780821921 0.2473591547355827 0.0418367180077877 0.9614045140061371
0064 -0.7333673238870405 0.4858831661977533 -3.6267926411628100 -0.1137213751792382 0.2586658986273513 0.0443463674715121 0.9582237741815472
0065 -0.7245265721286328 0.4870912241795451 -3.6217986432484333 -0.1189255570729174 0.2712610637840920 0.0451770431175910 0.9540614141263497
0066 -0.7155606897653434 0.4873264443839836 -3.6145512214338735 -0.1176003172165471 0.2874640051781570 0.0455308651519268 0.9494532908132012
0067 -0.7064236826181920 0.4883076572334361 -3.6067413253903240 -0.1220981185353778 0.3013649102703624 0.0485069032606978 0.9444142738459189
0068 -0.6987228442823636 0.4881790887608923 -3.5996917051545818 -0.1253167457084188 0.3110780284659156 0.0490746439938065 0.9408070220654664
0069 -0.6899569456661701 0.4868241464959641 -3.5943734226309916 -0.1280599999011209 0.3235773575638892 0.0514273742219657 0.9360841603605574
0070 -0.6818869399460965 0.4851780013945846 -3.5902512683956256 -0.1276668000349343 0.3370757848561539 0.0537587421365664 0.9312309601148053
0071 -0.6732073892506267 0.4830981623360765 -3.5866934172483211 -0.1287466268085027 0.3521601218842012 0.0531351745954871 0.9255183455019375
0072 -0.6649426783989016 0.4817756413466369 -3.5827993192628309 -0.1282113223293821 0.3654271207455062 0.0565927858893088 0.9202293914212301
0073 -0.6571423346352807 0.4808344292006401 -3.5772386566042842 -0.1288332993849335 0.3787708045348256 0.0555521361190389 0.9147943040783787
0074 -0.6491638713971553 0.4796449396845296 -3.5698266506795964 -0.1282772871008352 0.3889414332451172 0.0561436738162114 0.9105588322616517
0075 -0.6410582661689295 0.4788892271663664 -3.5625211764189508 -0.1285575634150015 0.3998471934828298 0.0562064810488871 0.9057792259931795
0076 -0.6315739550601227 0.4779330802833204 -3.5573541326744129 -0.1258258464723226 0.4126182889134432 0.0577404978036732 0.9003221861795085
0077 -0.6213786995092156 0.4779118492095660 -3.5530620909904878 -0.1282175476515050 0.4202998571558854 0.0593609994930582 0.8963172219076017
0078 -0.6089975221548187 0.4777879827809675 -3.5498704260196243 -0.1273967564021309 0.4288364883625266 0.0617108582092394 0.8922225634258485
0079 -0.5951862282817131 0.4793974611326765 -3.5435962764741786 -0.1277620408088583 0.4285469557476771 0.0599486158332711 0.8924295664686532
0080 -0.5774161579175743 0.4806090001837472 -3.5379979214560597 -0.1244281948169735 0.4277563734859975 0.0601983156840090 0.8932627116730585
0081 -0.5604053077920133 0.4819321262559829 -3.5327229529686726 -0.1226315208110258 0.4259436445052576 0.0599972773888950 0.8943902104311482
0082 -0.5438639400931440 0.4828186050618403 -3.5285055795211857 -0.1213351680708662 0.4263240588978763 0.0617467421794186 0.8942666904365182
0083 -0.5258598630287838 0.4825415393630199 -3.5251835509134621 -0.1182731553154136 0.4205091862524842 0.0615601195167751 0.8974373720177303
0084 -0.5067722408157744 0.4814725222231225 -3.5195583797668077 -0.1124518236149517 0.4102722369917233 0.0598217102201787 0.9030241646300565
0085 -0.4890442641901382 0.4783731733458532 -3.5111416387151699 -0.1071231079038765 0.3990470066631180 0.0502022370764785 0.9092666614468700
0086 -0.4755862265837805 0.4764114375607326 -3.4988941383621803 -0.1046166240345052 0.3889937992522000 0.0391553635684041 0.9144430237159596
0087 -0.4669707961763447 0.4725720602879391 -3.4826581631463340 -0.0983619771856205 0.3632847380344364 0.0368174953467605 0.9257394841918420
0088 -0.4604554711238280 0.4681097326474741 -3.4668960618305027 -0.0953013424808596 0.3429136993677293 0.0323125803054673 0.9339613193603291
0089 -0.4541560133991533 0.4651520760323608 -3.4504368432273398 -0.0938944310243955 0.3241702488196992 0.0320048715799797 0.9407832767422730
0090 -0.4494251403467315 0.4618122044650304 -3.4299640945039731 -0.0968826553128305 0.3079883978308541 0.0281514666902461 0.9460255772569298
0091 -0.4480545311299720 0.4577372621911446 -3.4077425798649168 -0.0983180698903329 0.2871977284695426 0.0256545888061710 0.9524667259112838
0092 -0.4507348261420703 0.4518845088140572 -3.3835021879963723 -0.0955550988553231 0.2614005177054354 0.0223090600871803 0.9602298153380294
0093 -0.4570896831424898 0.4453799061657270 -3.3602705209877568 -0.0951255582172433 0.2300703917301981 0.0141685717381948 0.9684100343335309
0094 -0.4646255779866836 0.4402729815920993 -3.3381234729228706 -0.0952100498805534 0.2005268889528057 0.0073508824453531 0.9750230652327803
0095 -0.4729189733813174 0.4366995543442990 -3.3190364627896400 -0.0946966843910166 0.1758552965283471 0.0043531839060026 0.9798410597837572
0096 -0.4825894268148099 0.4342735169508638 -3.3022563819982755 -0.0953669467281448 0.1512031326856469 -0.0000388140193026 0.9838916386631559
0097 -0.4911754111501078 0.4312603527299975 -3.2890544640311878 -0.0911296925842901 0.1316144656932154 -0.0019600585894206 0.9871013978918823
0098 -0.5007462919274416 0.4271680404399527 -3.2761437732305980 -0.0872314289281633 0.1148539406935025 -0.0048870367655538 0.9895329034377665
0099 -0.5094194216175704 0.4230630252739733 -3.2631309246974234 -0.0836806758227252 0.0962496817652837 -0.0092446700073783 0.9917903404099015
0100 -0.5185508424467914 0.4204188651568626 -3.2483698753693919 -0.0812329504526098 0.0741395439133254 -0.0126359846936021 0.9938535443816210
0101 -0.5297946217572758 0.4180125680564528 -3.2347052806931362 -0.0783351040789510 0.0528293807605561 -0.0186393471778281 0.9953518185717953
0102 -0.5395598311859651 0.4159490054911779 -3.2235727254517443 -0.0751773252741809 0.0370958062245295 -0.0213318026125457 0.9962515872622092
0103 -0.5442891396836318 0.4139211752713605 -3.2141341249890902 -0.0726854046132861 0.0172759042170596 -0.0244293563157066 0.9969060044155048
0104 -0.5347090725098265 0.4133394011918600 -3.2085575687770453 -0.0702398601743548 0.0272103922575176 -0.0228834538856797 0.9968963357010299
0105 -0.5153684198009857 0.4145903044156450 -3.2056003043442827 -0.0732613695185771 0.0459299730636471 -0.0124313677840041 0.9961770276440097
0106 -0.4916853994931346 0.4176896549009869 -3.2048241649762028 -0.0749997538692579 0.0684407932682762 -0.0076997629969298 0.9948022961303171
0107 -0.4638838747654432 0.4225352041370242 -3.2061322557059855 -0.0803050226112975 0.0908138536288229 -0.0002871104333351 0.9926247351844911
0108 -0.4356513881212914 0.4271432759897230 -3.2075043719826208 -0.0818419821648080 0.1117780292486366 0.0079458302779345 0.9903254141512375
0109 -0.4076627381026859 0.4298654577906823 -3.2115072457160037 -0.0821289915327148 0.1347943148637881 0.0127781985892339 0.9873814050664692
0110 -0.3803609793884102 0.4315977886487652 -3.2150457266269337 -0.0839883438539056 0.1591481953400807 0.0154285433422716 0.9835546604368309
0111 -0.3589089397691916 0.4328189979052220 -3.2162517962841957 -0.0844473079433691 0.1708147417004454 0.0173674355016407 0.9815239927699292
0112 -0.3408245686570133 0.4346403378215626 -3.2173330963623470 -0.0852198507587921 0.1790721914910207 0.0175133072245189 0.9799816382674281
0113 -0.3251386209572809 0.4364070543195939 -3.2189522721385178 -0.0857709554175269 0.1871643539393549 0.0169624970252096 0.9784299267274579
0114 -0.3123851359654073 0.4377394380385671 -3.2204448572084994 -0.0847149664223062 0.1959094601917978 0.0198090620659169 0.9767550659871156
0115 -0.3035245234165245 0.4382595808761010 -3.2232491403609296 -0.0839729228942574 0.2032833813595047 0.0195431606655492 0.9753166049826291
0116 -0.2950725132306802 0.4391137401592945 -3.2273471394414943 -0.0838110751867695 0.2170172454403574 0.0215882188864305 0.9723235920529901
0117 -0.2865181161482202 0.4397788273386454 -3.2301283999736601 -0.0840825098253172 0.2338639958181488 0.0221434555363916 0.9683736006203143
0118 -0.2764824003582260 0.4409872028488432 -3.2294900577827592 -0.0858561066035500 0.2535015822515967 0.0255609678648756 0.9631782356742845
0119 -0.2657560290290120 0.4419335273482701 -3.2265221751117492 -0.0883268556219099 0.2721340645410495 0.0269408579548468 0.9578181495800603
0120 -0.2535762746753689 0.4415599213712778 -3.2208939135838017 -0.0886749921269321 0.2940758914157302 0.0264998747744856 0.9512906351353768
0121 -0.2402115992167331 0.4407579520909100 -3.2126484670755042 -0.0910391786513605 0.3158703142449318 0.0284540115755284 0.9439958589710833
0122 -0.2258774952148974 0.4395274570987378 -3.2015880993771320 -0.0929030763820550 0.3316069780148529 0.0295293358506327 0.9383676512193011
0123 -0.2152669235350246 0.4374725348945500 -3.1906877402126597 -0.0926115480744183 0.3437857894943184 0.0249618121977016 0.9341366816675353
0124 -0.2035630024099500 0.4345796684952268 -3.1821341803426741 -0.0916138542573707 0.3567984500312077 0.0227300769423562 0.9294004042207168
0125 -0.1891299509994464 0.4300667957387723 -3.1762644621558680 -0.0882847710187207 0.3748824848187593 0.0243746959517633 0.9225371515443397
0126 -0.1760547348781767 0.4261444193231781 -3.1695202368597930 -0.0855039849149022 0.3926710955295528 0.0221113255096543 0.9154286256085173
0127 -0.1640097454162999 0.4201295496960306 -3.1595283828481526 -0.0897015991024848 0.4062200987727878 0.0015151165350767 0.9093605219567037
0128 -0.1596706038764593 0.4119018537396459 -3.1409602993212378 -0.1074668775784616 0.3994727019649515 -0.0494713096725610 0.9090792155404489
0129 -0.1593809481172157 0.4091800734384103 -3.1173269085886792 -0.1159365911837198 0.3714017801411484 -0.0681491436332420 0.9186811845002273
0130 -0.1605678247049451 0.4084792038466188 -3.0931947850096408 -0.1152620561067693 0.3366426374937490 -0.0840077538655357 0.9307680110176538
0131 -0.1597938174672908 0.4084248329289298 -3.0680836139631786 -0.1114589764346648 0.2968183675254021 -0.0779892824567264 0.9451949138106792
0132 -0.1586288373619429 0.4063214972110736 -3.0419571060179296 -0.1111035802014673 0.2528936249607683 -0.0916575012957468 0.9567129723050891
0133 -0.1610648356495694 0.4054810209481714 -3.0139502308695043 -0.1042492935823406 0.2000336431983901 -0.0919638991162340 0.9698769342734682
0134 -0.1677022355068407 0.4010841627468368 -2.9882511162678886 -0.0897356125414584 0.1441906200177147 -0.1072614444971439 0.9796180722430055
0135 -0.1734377678978258 0.3952490905337892 -2.9662893381245041 -0.0769426164774251 0.0975398214561367 -0.1109957820629881 0.9860252295778940
0136 -0.1792653106710839 0.3859100897157814 -2.9497749174125953 -0.0633721953548567 0.0567978990495372 -0.1215860805262590 0.9889260784010735
0137 -0.1864307761526184 0.3803938635253380 -2.9360669018734060 -0.0560641889500341 0.0215382175534207 -0.1238264580522929 0.9904846895274155
0138 -0.1958817583394859 0.3765358554301457 -2.9246346681522990 -0.0499367303079525 -0.0060018337654737 -0.1231737249241183 0.9911097489410141
0139 -0.2049687896445788 0.3711669082848085 -2.9147229656215550 -0.0451265807961386 -0.0321339121224131 -0.1140350941663710 0.9919309455278758
0140 -0.2151638320004131 0.3634839906263754 -2.9052282488431018 -0.0354760451581441 -0.0526103961508723 -0.0964568952825722 0.9933124703683294
0141 -0.2223344826832883 0.3554294273559028 -2.8935826832284013 -0.0331010630239933 -0.0662472217561402 -0.0577279037081636 0.9955817969256646
0142 -0.2257935703048212 0.3482791915045123 -2.8794580723143337 -0.0341008071521929 -0.0694518601350249 -0.0254858084440665 0.9966765009988475
0143 -0.2252284959340727 0.3386735827486583 -2.8644148256426170 -0.0297897832385044 -0.0675883329331222 0.0048607771523782 0.9972566163788532
0144 -0.2159684608432615 0.3296169626458604 -2.8489510758024843 -0.0281569042213904 -0.0388103026257420 0.0528682942533998 0.9974496942791155
0145 -0.2025415118045710 0.3258071972078103 -2.8354879591698205 -0.0282433180024492 -0.0132993408660825 0.0805511338505603 0.9962614904512416
0146 -0.1851794827231897 0.3281615759255841 -2.8244300805186029 -0.0341142305591580 0.0215190036469418 0.1022794920448371 0.9939376526032454
0147 -0.1661606777781531 0.3324199297325289 -2.8164793020031484 -0.0408435884418446 0.0635245362378830 0.1179978424778099 0.9901378407825533
0148 -0.1507035888828637 0.3367441314425769 -2.8082830306261370 -0.0453341264829600 0.1017098052485845 0.1217231206401684 0.9862978324998696
0149 -0.1401818842589111 0.3387320555168427 -2.8005083660720365 -0.0503137823930749 0.1285868588655227 0.1234745533525260 0.9826942442605408
0150 -0.1304782740510675 0.3444727413192964 -2.7935389284790109 -0.0585954217735840 0.1514723441624567 0.1192161224952565 0.9794948808637552
0151 -0.1189637819723438 0.3540691672978579 -2.7892362495147025 -0.0695670405440255 0.1713157658302944 0.1165042797202842 0.9758268740175084
0152 -0.1046228944432515 0.3623241405744965 -2.7861983011978797 -0.0789030888202683 0.1887605101272442 0.1111949449069384 0.9725119313500820
0153 -0.0873763338959298 0.3698864892338856 -2.7838858740959096 -0.0860839661729619 0.2066211967341778 0.0995078674903973 0.9695336075328086
0154 -0.0661334115719006 0.3771926046337972 -2.7808390641702991 -0.0911844377544134 0.2250218453752719 0.0898980075818441 0.9659031605953742
0155 -0.0413443176974453 0.3852029320427838 -2.7751601538099311 -0.0963591665313050 0.2446411388939258 0.0905832087676710 0.9605520842075288
0156 -0.0161603429363546 0.3885720827288620 -2.7698774424844474 -0.0991775665635294 0.2592191026695667 0.0890027705843283 0.9565812949927653
0157 0.0079390333521416 0.3885538776027310 -2.7644746448791029 -0.0992200881217552 0.2732771381760135 0.0851968130106148 0.9530039259710705
0158 0.0325587511419201 0.3884938746572737 -2.7586826541231089 -0.1030025617916317 0.2871552888739717 0.0773777731417215 0.9491812221908391
0159 0.0550119012219361 0.3840129876683665 -2.7533896355831922 -0.1003664381580057 0.2951087939056964 0.0590365506573309 0.9483417440656529
0160 0.0711628887114699 0.3785665866746600 -2.7481950254141139 -0.0954557922844985 0.3004270914813220 0.0427655163224709 0.9480521425729095
0161 0.0824117510383759 0.3711980741219292 -2.7412522974365379 -0.0898697690616513 0.3038077076137091 0.0340713286952660 0.9478731170173821
0162 0.0895223165565044 0.3632608456127193 -2.7290332043618424 -0.0857554978449552 0.3042348975753953 0.0243576580197771 0.9484164835041852
0163 0.0936322417696864 0.3545515346849016 -2.7117711599523302 -0.0799177615055239 0.3061529405017615 0.0166729389928155 0.9484753773943806
0164 0.0959781335357897 0.3447594779985416 -2.6897515110437875 -0.0759850431359283 0.3099433534898910 0.0039020253584307 0.9477057375816472
0165 0.0973340052166192 0.3369629084727996 -2.6655109927114200 -0.0742100370995668 0.3066174151137266 -0.0022499467090236 0.9489328579422593
0166 0.1013417799766785 0.3288044244884731 -2.6427482212397115 -0.0724366169470298 0.3044201037286089 -0.0045820868052862 0.9497685725752569
0167 0.1018719332484748 0.3174696728172935 -2.6237600756961368 -0.0676575503755659 0.3003619238386842 -0.0161442610956992 0.9512857264874607
0168 0.1003259275751454 0.3035066439301977 -2.6072488433385539 -0.0549237747551112 0.2960319285918699 -0.0276948918585263 0.9531953992680474
0169 0.0978939157020036 0.2922769663501192 -2.5878595651780150 -0.0550840892596082 0.2765944435161901 -0.0469986678799326 0.9582548628334325
0170 0.0916276466226233 0.2926599330752775 -2.5656328051567980 -0.0635553319288172 0.2541021782185930 -0.0583035171860392 0.9633241939719576
0171 0.0878579756041058 0.2945831252317438 -2.5461967398113066 -0.0665311943124486 0.2390371355286875 -0.0547477113395309 0.9671801983729207
0172 0.0812428151262887 0.2993284158128994 -2.5288427317262974 -0.0723715192882352 0.2181675226978486 -0.0579803235340316 0.9714955364378598
0173 0.0752930210125805 0.3056158673835722 -2.5121622304161177 -0.0783453244648832 0.1948248639012420 -0.0537858834298256 0.9762235201448632
0174 0.0704419531574915 0.3111697906127443 -2.4977387880965702 -0.0761611213417120 0.1734224597233053 -0.0492884139572462 0.9806603827569822
0175 0.0669782482980671 0.3180987950767124 -2.4828173884667009 -0.0782649965656281 0.1504124444258392 -0.0422639249965379 0.9846138570619010
0176 0.0685639172001509 0.3235601035731827 -2.4656683684973619 -0.0784314457043060 0.1234092449691855 -0.0359759593408985 0.9885971863860274
0177 0.0733038096736099 0.3270295864451429 -2.4489634875121000 -0.0739681671108935 0.1030049377214777 -0.0356049829989523 0.9912875356045256
0178 0.0780086964435183 0.3301256855855167 -2.4347206867488853 -0.0719606460791706 0.0796219949282347 -0.0378451441068201 0.9935037737256217
0179 0.0814688267534330 0.3316166718772796 -2.4210456111744869 -0.0711370699344897 0.0566228781219366 -0.0366051524210060 0.9951851233667829
0180 0.0837200109920322 0.3333413327446416 -2.4075288555848000 -0.0706256602774514 0.0297719614941587 -0.0285742583925905 0.9966489643683366
0181 0.0828017955617082 0.3340150340106590 -2.3941098558559126 -0.0693889233380650 0.0064774639078790 -0.0243207523164496 0.9972721397823505
0182 0.0787345875873842 0.3326317978406581 -2.3798924643418693 -0.0666243303724994 -0.0158270516600061 -0.0256862453666171 0.9973218737384305
0183 0.0741433862533495 0.3298286298745546 -2.3648998804816235 -0.0629038285733052 -0.0351024388746205 -0.0275747292181370 0.9970208430340961
0184 0.0707210859411446 0.3269066791341231 -2.3490148339409798 -0.0625102285696132 -0.0411818483092867 -0.0373001923265491 0.9964964738253760
0185 0.0634719879505120 0.3220576261851332 -2.3319784781722799 -0.0628190654121197 -0.0489671699972578 -0.0370618911129683 0.9961337247128710
0186 0.0531446526659412 0.3160164907010196 -2.3124949908828394 -0.0591517804518108 -0.0592719682470805 -0.0357943934352666 0.9958446977556786
0187 0.0427985425838407 0.3078928699377637 -2.2927241243050340 -0.0540122208998857 -0.0699150234475037 -0.0388799715317532 0.9953305568018531
0188 0.0354513362786022 0.2993044694433493 -2.2726182630359570 -0.0469591261175579 -0.0709502538704481 -0.0381504272853306 0.9956432327133757
0189 0.0282036306299388 0.2936429845302579 -2.2538017706887774 -0.0444834596227588 -0.0717855202059621 -0.0406216457242995 0.9955992882718425
0190 0.0214552532764677 0.2901875901255716 -2.2387744186415839 -0.0444910970544544 -0.0713882919902136 -0.0440707327563093 0.9954808007008137
0191 0.0154904770437393 0.2869345304346089 -2.2268012351496784 -0.0460016180281181 -0.0742871949412173 -0.0478698499818612 0.9950244927986822
0192 0.0100090374729495 0.2817164565291790 -2.2178679407774458 -0.0419075198881912 -0.0780139613921018 -0.0490120820959340 0.9948645120886331
0193 0.0055303462341013 0.2727527232307785 -2.2079789849034941 -0.0347287898684895 -0.0823958100923533 -0.0521275079732528 0.9946293603880761
0194 0.0054383934792330 0.2643893189698204 -2.1969272974852627 -0.0266571918818607 -0.0905385261146643 -0.0473215657923638 0.9944107998311951
0195 0.0084027406840002 0.2558444736067593 -2.1858717070689240 -0.0124983707879675 -0.1024697386917304 -0.0475319050166555 0.9935212435502236
0196 0.0184391240548370 0.2485446741667602 -2.1711296809274838 -0.0024904976120910 -0.1063191005779953 -0.0427723785447219 0.9934085614225183
0197 0.0354665191689467 0.2419339970586893 -2.1568683820415928 0.0124542927749262 -0.0999290361672548 -0.0385248299201841 0.9941704661685445
0198 0.0557207557317862 0.2371298314577995 -2.1435427587275484 0.0166617701552152 -0.0890801946942490 -0.0368578276787859 0.9952027958498364
0199 0.0765069895690174 0.2334164883785174 -2.1332223023505921 0.0227028968889714 -0.0805358031715455 -0.0332700339622466 0.9959375822412335
0200 0.0960600907269548 0.2326232301870482 -2.1236837532114530 0.0225137112381457 -0.0673097937771693 -0.0300332674392049 0.9970258408461067
0201 0.1112764385716416 0.2335945438039187 -2.1180189680740256 0.0206612354219005 -0.0525575441470283 -0.0221681056243055 0.9981580000165823
0202 0.1249434850980333 0.2374252657929651 -2.1121573434519370 0.0155234836426941 -0.0326225930984279 -0.0058806431999930 0.9993298784238788
0203 0.1388383238221750 0.2439899152364434 -2.1045825453622293 0.0047794929388065 -0.0052353619032290 0.0080888807227050 0.9999421570479181
0204 0.1557937186425865 0.2519055055027875 -2.1005947025112395 -0.0089052480642422 0.0349435782642418 0.0214974698193195 0.9991183622005814
0205 0.1752356582879506 0.2606132483615779 -2.0927785710587887 -0.0292500620186902 0.0893783031717187 0.0373287836861651 0.9948680890965187
0206 0.1946563531252467 0.2662482173410952 -2.0864174252459051 -0.0391893108409275 0.1421143270464852 0.0481148717787115 0.9879031709017114
0207 0.2109061942406357 0.2682308037622935 -2.0806164413522334 -0.0454880103301724 0.1915353168204467 0.0621165321487535 0.9784613430077378
0208 0.2261732643489074 0.2694428547950656 -2.0749842336389341 -0.0501885145477885 0.2369446207879846 0.0731623112158999 0.9674635062392134
0209 0.2377764448590546 0.2699073516341419 -2.0713222616849949 -0.0548109588183890 0.2791902407782848 0.0796512554956646 0.9553555598548307
0210 0.2497747186053734 0.2716083644713634 -2.0687131488542647 -0.0582295453603634 0.3206874567306726 0.0874966703213666 0.9413358634543848
0211 0.2609340818913546 0.2759664088462552 -2.0662192560561108 -0.0660639827192550 0.3577866779572303 0.0906264684959279 0.9270442742779632
0212 0.2733919239470817 0.2763608321523658 -2.0647069780711549 -0.0696584035013538 0.3858027091537556 0.0933597149401720 0.9151983064109961
0213 0.2848976297777367 0.2756695914767274 -2.0611663371676610 -0.0701335962926618 0.4084755072740975 0.0941276478931151 0.9051900488462838
0214 0.3028056092298663 0.2782300589582953 -2.0607697464450658 -0.0677289484838586 0.4369792407416930 0.1049132601612333 0.8907609895703928
0215 0.3242251461544056 0.2769242178968809 -2.0570919066114963 -0.0617109517168245 0.4620459649477804 0.1027648041816401 0.8787176336771597
0216 0.3450837332988733 0.2680556331503058 -2.0436205393280438 -0.0520633573135949 0.4719153041835555 0.0913624535379387 0.8753503610475678
0217 0.3626089661175368 0.2593387392386447 -2.0233710136241068 -0.0451047962057619 0.4694055004677457 0.0789938440097883 0.8782846953570456
0218 0.3780049981432858 0.2523127299434590 -2.0038754405692818 -0.0402210842088776 0.4605628280421522 0.0732822956069547 0.8836819851968536
0219 0.3891131279770288 0.2462356948217267 -1.9861530292192033 -0.0399461568579617 0.4526152203069271 0.0642964016350013 0.8884873322876257
0220 0.3936208924875461 0.2391517020456932 -1.9656360696789781 -0.0484341584089232 0.4370377192767096 0.0487136533082210 0.8968161150481171
0221 0.3936610711866749 0.2321326841933647 -1.9408349367170989 -0.0530199580570541 0.4218429546189749 0.0334573108214197 0.9044987639784593
0222 0.3904327655090397 0.2274326379575438 -1.9112257367404646 -0.0600843660271806 0.4034718697712510 0.0249384471917844 0.9126764997051611
0223 0.3848176169291202 0.2240164445462897 -1.8770204396630357 -0.0623764747185676 0.3895533938642778 0.0161590601888267 0.9187470889773315
0224 0.3779546751971518 0.2209312714312954 -1.8443434591965862 -0.0645198964566188 0.3694484876576559 0.0167404010760939 0.9268574630980267
0225 0.3687281606007776 0.2180435200536981 -1.8119523469749281 -0.0632532628292527 0.3393556087090690 0.0198464079863037 0.9383191971121508
0226 0.3576516249827313 0.2163853042540873 -1.7817508256197834 -0.0647345709552869 0.3061766277759423 0.0175602767764784 0.9496088376834538
0227 0.3484732412531869 0.2148903526507574 -1.7532847122697037 -0.0679874859223281 0.2730798719743021 0.0133821401388432 0.9594925761076862
0228 0.3358292891748925 0.2124290166609631 -1.7260507997716044 -0.0688482098980901 0.2387237844454397 0.0061071887524956 0.9686245820643916
0229 0.3217227778788588 0.2088130557272665 -1.6995987940694002 -0.0699673896756589 0.2077355787030468 -0.0042746135276495 0.9756701396486797
0230 0.3060545245878015 0.2075297299229476 -1.6758322970888455 -0.0700970079802573 0.1752259416708848 -0.0087832628021594 0.9819903936049051
0231 0.2914023210243430 0.2056161978221167 -1.6529997951494524 -0.0706841490746429 0.1379159869234299 -0.0138682498127483 0.9878211393099769
0232 0.2764352283971420 0.2040293820565698 -1.6302368010897113 -0.0661136474676084 0.0991441747881390 -0.0216785622225197 0.9926376268125608
0233 0.2641466777631769 0.2018884813089630 -1.6070334637239725 -0.0622303256868623 0.0575408106516905 -0.0271201309996796 0.9960325999529402
0234 0.2557670802183836 0.1994949791795978 -1.5845849071821787 -0.0485451818547638 0.0211358327173767 -0.0342190544984723 0.9980108707841119
0235 0.2573675452315506 0.1957053180101017 -1.5646286778477183 -0.0408054828203018 -0.0010073384545011 -0.0281011073140161 0.9987713580238307
0236 0.2685565587230120 0.1927896305549733 -1.5485228511787097 -0.0334103607711291 -0.0108115345757935 -0.0046399185459910 0.9993724679363276
0237 0.2860640365938856 0.1910364743499514 -1.5378140661757409 -0.0283609995879505 -0.0027927429638107 0.0047155825543375 0.9995827217245622
0238 0.3091916418862348 0.1942402672353879 -1.5309989983573788 -0.0316656513632542 0.0136353373184909 0.0135913283109214 0.9993130840205671
0239 0.3348609987524184 0.2000243452564449 -1.5279626400931403 -0.0346725037206933 0.0416684645812984 0.0267429061334981 0.9981715150798033
0240 0.3582701357719583 0.2066770776372111 -1.5287144121547860 -0.0426050312256496 0.0727477710307336 0.0435083234546769 0.9954896277282272
0241 0.3790814370260805 0.2133457227663816 -1.5281221175128834 -0.0540480570159868 0.1027447131873718 0.0517383061415055 0.9918898523134759
0242 0.4004395143545429 0.2195777750780601 -1.5251300029156478 -0.0646019399446740 0.1373314541293447 0.0587041608528416 0.9866714157006214
0243 0.4220043946723250 0.2253778483628868 -1.5195446559323158 -0.0742762984560920 0.1714055841854265 0.0599458606221264 0.9805659850270080
0244 0.4434132105747539 0.2288949886387546 -1.5133684412011605 -0.0798432084640292 0.2125270035925695 0.0643206844471722 0.9717613824177110
0245 0.4648760367074832 0.2315175433745355 -1.5052921033559046 -0.0865614396248175 0.2511482225346561 0.0672811660551452 0.9617197784084627
0246 0.4852885549927653 0.2314946484012587 -1.4956027247241965 -0.0882633396513454 0.2892369840327444 0.0731588325498378 0.9503679998617256
0247 0.5027682588667637 0.2283093170588868 -1.4868876928581187 -0.0904946523629502 0.3233035365753385 0.0725363168543384 0.9391613407017958
0248 0.5181578908269289 0.2214133461434477 -1.4800329682846174 -0.0857134929379435 0.3548631783365714 0.0694227317206601 0.9283888226975188
0249 0.5311550612473506 0.2150972501488687 -1.4742953457803236 -0.0826971406626773 0.3836135675552158 0.0633687579916798 0.9175980679057519
0250 0.5429950210182876 0.2083489652749464 -1.4704137485269932 -0.0800466050078261 0.4022579268310991 0.0587047892862658 0.9101290287882933
0251 0.5547414042009080 0.2041244916069684 -1.4661905440844039 -0.0745092068465323 0.4150834654328289 0.0583541807493417 0.9048474370900583
0252 0.5703987744511969 0.1985356697824562 -1.4622972353894943 -0.0677621634648841 0.4269415493966797 0.0541581140195061 0.9001089385664222
0253 0.5888362395187892 0.1933679833300681 -1.4548062962710835 -0.0612529096888742 0.4325596232119323 0.0433657774847460 0.8984763006137338
0254 0.6055352109440071 0.1912687595733349 -1.4363762427298654 -0.0582502824150761 0.4149343110062433 0.0317174367486466 0.9074306730293136
0255 0.6175356658469091 0.1914711439348432 -1.4133018916206801 -0.0623927273906933 0.3789914875336514 0.0272813439515952 0.9228912873236889
0256 0.6285856290780235 0.1937409292551167 -1.3925838815731924 -0.0676370592643967 0.3466862939076336 0.0281400277410044 0.9351160252446701
0257 0.6361381475315605 0.1953793955891308 -1.3754530610033020 -0.0708826621169570 0.3126816882185341 0.0272550325294269 0.9468172861042624
0258 0.6376608215212409 0.1964947200000521 -1.3564161681371614 -0.0717002540655623 0.2703022153222155 0.0288217426969281 0.9596692623538321
0259 0.6335344713236200 0.1964526318250277 -1.3355728215935687 -0.0744722162575721 0.2280242535331578 0.0240751030617987 0.9705046204005910
0260 0.6283481464053881 0.1960774173387738 -1.3137700313997267 -0.0786198929044173 0.1897669792569033 0.0187710347233359 0.9784963230788473
0261 0.6220885389404587 0.1933126643619607 -1.2922886640771214 -0.0760762723489164 0.1586619229403692 0.0133023067226378 0.9843077992326458
0262 0.6142072361694456 0.1917925848218718 -1.2692976181368842 -0.0766643494148901 0.1331613579735633 0.0037291821245105 0.9881177680176140
0263 0.6061619019440780 0.1895586452937834 -1.2449239529943645 -0.0790358463594817 0.1144362755955141 -0.0030128727581480 0.9902770301364213
0264 0.5969286701220855 0.1846323422292851 -1.2188451085995919 -0.0798013354158639 0.0948388363958930 -0.0119793354090128 0.9922166283126260
0265 0.5851302918091796 0.1779010432156728 -1.1935583310758426 -0.0763246457480842 0.0748519987716560 -0.0225256058844866 0.9940142472876607
0266 0.5726011754105474 0.1710890005861448 -1.1705742582450924 -0.0728493880171645 0.0538412803436062 -0.0318203665513585 0.9953801020057729
0267 0.5605345886763791 0.1649617304083060 -1.1494552055345544 -0.0681601209266023 0.0360853705042943 -0.0387423239678335 0.9962685763810935
0268 0.5532570052946468 0.1579929216249761 -1.1331348894971234 -0.0555097233653030 0.0281910779579856 -0.0352368445224449 0.9974378669990307
0269 0.5562947324863001 0.1513118774832606 -1.1233092988623996 -0.0409345349930984 0.0379697259447535 -0.0185966602178223 0.9982669121959928
0270 0.5676164728718499 0.1490441911154272 -1.1162168086185043 -0.0379998121401234 0.0536351416018017 -0.0006749529447279 0.9978370760305474
0271 0.5845141703527976 0.1523510523210924 -1.1106454919433979 -0.0397404049572053 0.0742465265810576 0.0178611191219208 0.9962876762904364
0272 0.6053446375080327 0.1590016427353826 -1.1053805549743085 -0.0461988039228044 0.0905480663981929 0.0283324103204353 0.9944164081073305
0273 0.6311650069777613 0.1697473050816180 -1.0997302875254313 -0.0548987199028622 0.1043162541209368 0.0361470958802774 0.9923697078904744
0274 0.6624728540145758 0.1793807668604415 -1.0950261913560224 -0.0641095086111797 0.1249250138309536 0.0421216470929843 0.9891963802355642
0275 0.6953116803110539 0.1857575800062387 -1.0924560239661714 -0.0688881098636282 0.1480317270328612 0.0490167625453455 0.9853620619349307
0276 0.7286907721061301 0.1881797071562065 -1.0915829467324090 -0.0677927743341085 0.1695506146287810 0.0565945078035766 0.9815568198090003
0277 0.7592368341664155 0.1893955366490985 -1.0905221859423706 -0.0684328638769559 0.1920250761948938 0.0556335968512287 0.9774191609311423
0278 0.7866074508685006 0.1891257663578667 -1.0909868264121099 -0.0654415152042787 0.2223707116680105 0.0514276420503421 0.9714030431871071
0279 0.8100244628181695 0.1875657976009447 -1.0915257343246436 -0.0636540223217223 0.2488439786941659 0.0555461692806587 0.9648520419153226
0280 0.8312249067727544 0.1846386419288437 -1.0929543773837223 -0.0565187743473377 0.2773013805459456 0.0655885122904723 0.9568739308545876
0281 0.8491348894794433 0.1837744307451256 -1.0913277304301106 -0.0569938510586474 0.3033354412682019 0.0701154121570773 0.9485900800610204
0282 0.8668943549800399 0.1839817136826123 -1.0871961496379439 -0.0567431234233791 0.3325527344697794 0.0786442313350230 0.9380852741721060
0283 0.8809997213895531 0.1802171173076408 -1.0774967448848218 -0.0519977965477968 0.3559041871392480 0.0789199560935667 0.9297311865593811
0284 0.8923643748604103 0.1706462131480193 -1.0609321382387564 -0.0478968782508756 0.3640452376716270 0.0690629722237801 0.9275814033550084
0285 0.8963844463877869 0.1592477245271192 -1.0400862075966282 -0.0434709242196707 0.3603181316636006 0.0515948427625656 0.9303865298585560
0286 0.8961338675711041 0.1514259438050979 -1.0111617433613951 -0.0509727534214795 0.3332026777562146 0.0335278739918371 0.9408791822600328
0287 0.8861959757652718 0.1504344682170856 -0.9777850849220400 -0.0587959654430871 0.2876997276173477 0.0237134507559267 0.9556199942601481
0288 0.8722664040150039 0.1538787897347873 -0.9451105229541604 -0.0726483474714649 0.2346778293888007 0.0177671724299721 0.9691918600498406
0289 0.8596280451121930 0.1578014530269102 -0.9181502200417820 -0.0825144001034115 0.1858759150425214 0.0094869446292504 0.9790564416131895
0290 0.8515343610623211 0.1600002121591227 -0.8981038525384530 -0.0870697580263524 0.1488929172626501 0.0079087117982637 0.9849808164141790
0291 0.8458302343982201 0.1611807725739141 -0.8810586825831404 -0.0912516906742232 0.1148499544020570 0.0039741086564043 0.9891748194244175
0292 0.8416409500471981 0.1630531367779084 -0.8635271323563531 -0.0967756474059960 0.0757532306355881 -0.0020166457142022 0.9924171780342605
0293 0.8407329712219995 0.1655792102338497 -0.8465375455140473 -0.1018824115844422 0.0326875515451615 -0.0097524227342319 0.9942114405067634
0294 0.8438281012014925 0.1664897920348652 -0.8320415904706586 -0.1017216581627339 -0.0053511142414107 -0.0170137889673888 0.9946530052344750
0295 0.8462846614644900 0.1666944241617715 -0.8201041750076246 -0.1021289008286609 -0.0443032237325521 -0.0280952705079845 0.9933869174483407
0296 0.8469148835559843 0.1659632945548503 -0.8109793110681254 -0.1003603133678158 -0.0837929589481307 -0.0402092949466233 0.9906007067084733
0297 0.8464695276699201 0.1655258047609247 -0.8044999626680538 -0.0956736142028524 -0.1215539922811011 -0.0537771773806833 0.9864984549906082
0298 0.8520956272120432 0.1637142010202492 -0.7976012298772382 -0.0880612224911907 -0.1330057885362865 -0.0530105122096936 0.9857710519712291
0299 0.8702085146703349 0.1606131453270451 -0.7868953757130299 -0.0839401714574181 -0.1124153549652885 -0.0330417216543172 0.9895580226615547
0300 0.8925445086048257 0.1644749619850474 -0.7755604280489850 -0.0941796409170132 -0.0820382364780091 -0.0067499778241426 0.9921463404113804
0301 0.9174751324550645 0.1702181196545998 -0.7620303649167648 -0.1065807651721090 -0.0459173065592204 0.0016627550322991 0.9932418520679526
0302 0.9446688484996308 0.1761482109846627 -0.7441783587849928 -0.1188539722520147 -0.0007668278338787 0.0141384905357381 0.9928107817405901
0303 0.9715023236775534 0.1790665827827249 -0.7272858845269028 -0.1276438233026006 0.0375524066439730 0.0286933050732800 0.9906934770007887
0304 1.0013472881444911 0.1826782099376532 -0.7115612956767341 -0.1364860400845297 0.0845620592253498 0.0507358603320943 0.9857214066245974
0305 1.0304627532088273 0.1872302369093832 -0.6981674763912959 -0.1481924323596985 0.1356516569832898 0.0689808436690002 0.9771792436169104
0306 1.0563289429743625 0.1885655508362147 -0.6876604009248982 -0.1573113408265068 0.1782223612982601 0.0788058590095164 0.9681319995570912
0307 1.0752317899884476 0.1871650297504622 -0.6776168570086253 -0.1588194443722255 0.2084470314453740 0.0778597692787604 0.9619064796011965
0308 1.0927061173516939 0.1854728661191280 -0.6699772383617113 -0.1589600761837283 0.2299474715730635 0.0753591570863063 0.9571712761779159
0309 1.1105754635783227 0.1843146464213408 -0.6650814524524813 -0.1585290811059568 0.2502186756016058 0.0776038596839737 0.9519646977624907
0310 1.1311663222113058 0.1843243326613018 -0.6632384638002058 -0.1557503541251104 0.2732912437842121 0.0852991292981428 0.9453982133480897
0311 1.1548687666346362 0.1866216907641260 -0.6612690052336483 -0.1535167808974022 0.2887030352665043 0.0883604555637747 0.9408908466466067
0312 1.1836797918643767 0.1869372206434078 -0.6588066503564276 -0.1480514031825562 0.3036245353877309 0.0868686675072561 0.9372015568338407
0313 1.2102813770945064 0.1833628581045527 -0.6549081880563041 -0.1392587449043772 0.3147335997216792 0.0833073391092972 0.9352056727931133
0314 1.2342402988784760 0.1777006122203365 -0.6473559127541182 -0.1337693269598984 0.3134393546549401 0.0720312013778414 0.9373756152931734
0315 1.2514164476343572 0.1708365232861813 -0.6347346143446069 -0.1301236479255259 0.2953348813240360 0.0644921992472229 0.9442912158651738
0316 1.2565519489551609 0.1681380235147746 -0.6163311111008418 -0.1338086464766230 0.2648969823471242 0.0514487818190406 0.9535606208945595
0317 1.2537643816984056 0.1663564471495852 -0.5955851820100821 -0.1372280859725914 0.2276465354045006 0.0378556201110028 0.9632821286438559
0318 1.2450182434266974 0.1671922933853975 -0.5706051729128352 -0.1371146937936729 0.1867452946924166 0.0311713117419549 0.9722932196515596
0319 1.2324577475043343 0.1690331153891464 -0.5414158513692118 -0.1371545239411827 0.1490385530153642 0.0315660772317787 0.9787643889342070
0320 1.2165307413180040 0.1696606611152802 -0.5095628095260670 -0.1399966694819248 0.1170369605734043 0.0322300160044317 0.9826823029148652
0321 1.2039030912102826 0.1675783920402024 -0.4773647788646437 -0.1406361171680951 0.0851499163691795 0.0239526664810783 0.9861020454591150
0322 1.1941687383649562 0.1647967322738753 -0.4465448009561995 -0.1451930742822209 0.0601843839854873 0.0167955891118444 0.9874283362812468
0323 1.1860991561330676 0.1624385189041227 -0.4197638921916222 -0.1467608194734890 0.0389054966992081 0.0129265313891900 0.9883220775538216
0324 1.1743469352244240 0.1612069652395811 -0.3948629283592039 -0.1514264929623036 0.0135686843005802 0.0018731735992213 0.9883736131929843
0325 1.1615491259801638 0.1571614357911621 -0.3733113681008079 -0.1497846670167441 -0.0135762839962140 -0.0082591332377042 0.9885909289274807
0326 1.1482976128323719 0.1543186183213980 -0.3535082185679174 -0.1495305652899205 -0.0393484721178211 -0.0176362676569613 0.9878164150535272
0327 1.1334500281843389 0.1513978582430644 -0.3385885509766406 -0.1485157878833781 -0.0681885795984217 -0.0326606391214286 0.9860155480589081
0328 1.1187086923173668 0.1486957038657040 -0.3275242756908145 -0.1472653682057006 -0.0976351685303117 -0.0469749537981520 0.9831447700664223
0329 1.1063545264477004 0.1475137083695258 -0.3168225863734488 -0.1417415651990366 -0.1262373158444777 -0.0538993748125238 0.9803409234435376
0330 1.1058522590458155 0.1414973040956052 -0.3026388374011041 -0.1315893674130779 -0.1401851134911258 -0.0513978019213166 0.9799952236092603
0331 1.1204201714634305 0.1357413696956604 -0.2835403360248038 -0.1192393677262272 -0.1352513840063150 -0.0318542598114568 0.9830942693559406
0332 1.1450582190357081 0.1312515648539658 -0.2629193200433288 -0.1168425374795444 -0.1137252436514147 -0.0031813493388757 0.9866125224261809
0333 1.1693375221782172 0.1291249389998581 -0.2458371571805831 -0.1190760871442677 -0.0956789877319564 0.0083556155944127 0.9882290222742082
0334 1.1939427174219908 0.1297585814927376 -0.2328042054161409 -0.1219044149215286 -0.0734788486727870 0.0205400919852118 0.9896051116690942
0335 1.2181548845474910 0.1342903512416805 -0.2238968254227475 -0.1259012253948297 -0.0467950452614465 0.0316552086170782 0.9904327604388241
0336 1.2423125181368071 0.1428142144810141 -0.2170741345279368 -0.1391402583786788 -0.0113639530731974 0.0500112931357579 0.9889437393642546
0337 1.2617914051622312 0.1484518472008453 -0.2095345519481746 -0.1475860921244035 0.0171677613172110 0.0554170708647476 0.9873462217680149
0338 1.2769228622951114 0.1501446037287669 -0.2024189906086589 -0.1524608078989284 0.0407780204801534 0.0598372873705264 0.9856532626338044
0339 1.2888394734404598 0.1503076377445792 -0.1943518124365715 -0.1523365791627854 0.0635461942124965 0.0625589200852338 0.9842976325115581
0340 1.3031445351074615 0.1503827526425013 -0.1882284385373851 -0.1532970944011249 0.0992908232263587 0.0690570873619551 0.9807509632706397
0341 1.3176650724230612 0.1492731325259932 -0.1818563349236635 -0.1537875654742405 0.1362936945022215 0.0714871476155513 0.9760445693052310
0342 1.3340534727382429 0.1478641196858635 -0.1769965497503835 -0.1540940083487816 0.1770521651700675 0.0824337343392893 0.9685619478600614
0343 1.3504480312583533 0.1476104650841313 -0.1745246413309771 -0.1572706143424436 0.2166334404893174 0.0876016616499305 0.9595112585073101
0344 1.3637488125162753 0.1457323803760071 -0.1724730945927013 -0.1563924549076663 0.2534975003612714 0.0844632110261607 0.9508661227226951
0345 1.3748533785592887 0.1418770393753133 -0.1705438746293594 -0.1538082722269447 0.2864369388825527 0.0829381776949642 0.9420287437858746
0346 1.3861882522578464 0.1408493467851601 -0.1699196260059876 -0.1578579210438433 0.3204335097636291 0.0781570856722567 0.9307495434022505
0347 1.3994608174318808 0.1403193652592622 -0.1719571380724240 -0.1580646032014159 0.3517763470458382 0.0797858246024587 0.9191861645316309
0348 1.4147210136338533 0.1395835201267881 -0.1710120371118848 -0.1597697843264686 0.3769077166466347 0.0766231496690218 0.9091441481323480
0349 1.4296497931966878 0.1389425187917785 -0.1675125160475041 -0.1573623883312958 0.3940456838387694 0.0705899070471882 0.9027636140262728
0350 1.4459226969210222 0.1350496368087815 -0.1596843765986917 -0.1511525221504689 0.4089599293220989 0.0639007901414927 0.8976755428748789
0351 1.4625438370353017 0.1278186248256002 -0.1474823821637323 -0.1375088442421113 0.4107693196614977 0.0585955572722834 0.8994033824975198
0352 1.4767791080393409 0.1224516708167803 -0.1280363579634581 -0.1345368314648437 0.3953242315011736 0.0486762286945466 0.9073308204439456
0353 1.4906647356383140 0.1230366074772612 -0.1060419829130879 -0.1372163850194872 0.3719098341478972 0.0484165178225256 0.9167936407655808
0354 1.4979542001344450 0.1244262192608512 -0.0814044032217005 -0.1370003417418618 0.3350129173003582 0.0435956520223393 0.9311802568403520
0355 1.4965360363319415 0.1280605854611603 -0.0573586339464561 -0.1405671683950556 0.2933004066101345 0.0433115543010350 0.9446374182276257
0356 1.4992713792624333 0.1312882885038126 -0.0352067196606128 -0.1502508699732643 0.2561005442175367 0.0385528396596151 0.9541230873833517
0357 1.4957725225675311 0.1314617893821974 -0.0141484018848353 -0.1513658964581406 0.2286771432387015 0.0336078920936506 0.9610752515483014
0358 1.4907332110323543 0.1310954214550006 0.0066531495153489 -0.1531152878702456 0.2077188663833825 0.0294337642117029 0.9656822638389627
0359 1.4824487048855659 0.1314220008993876 0.0294765626747084 -0.1599697239046443 0.1913918348355163 0.0220963207148771 0.9681376997116844
0360 1.4705602126413697 0.1311853817191193 0.0572138217508447 -0.1681160011626445 0.1719579691745932 0.0233096335663858 0.9703731900528951
0361 1.4583031968664599 0.1277544526353619 0.0841871800572428 -0.1726121681955321 0.1545630387639569 0.0182519023113528 0.9726161496196252
0362 1.4407629268075577 0.1219669992947497 0.1121434488604534 -0.1712564891798453 0.1310111753255560 0.0141897185173019 0.9763738724187625
0363 1.4248588209941369 0.1146286084167635 0.1376063416678290 -0.1662697218709437 0.1117100802690840 0.0125693695262591 0.9796515954689946
0364 1.4077623323440320 0.1061226235926447 0.1615591794974192 -0.1592915467094224 0.0914096526269854 0.0084727553973333 0.9829540635093333
0365 1.3910847036427063 0.0998839020225258 0.1827548011057049 -0.1553842419370333 0.0660670255887786 0.0017330057260013 0.9856408484730426
0366 1.3740051404286455 0.0959030695537611 0.2031558085992998 -0.1555800828111412 0.0339781777584884 -0.0046921536150297 0.9872275851915526
0367 1.3593721328642279 0.0918935405593493 0.2231684563980263 -0.1514748316772008 -0.0036156000719489 -0.0089331457853009 0.9884141347182678
0368 1.3473606440175105 0.0890619360334639 0.2432753998545810 -0.1473711549404496 -0.0422067631965229 -0.0159197079101235 0.9880520708606644
0369 1.3398056847563702 0.0863435880777793 0.2635445618748397 -0.1399725840895300 -0.0712181343227127 -0.0204934639807184 0.9873781803245212
0370 1.3413224934766714 0.0824698092636643 0.2841079842300585 -0.1290597943444166 -0.0836044127359672 -0.0182744688552313 0.9879372021757811
0371 1.3521555230764117 0.0772229909952163 0.3054932759846106 -0.1209599953368381 -0.0823527974951103 -0.0076964625304969 0.9892054694234954
0372 1.3699909254747848 0.0722776960886083 0.3228788901754192 -0.1161117637300389 -0.0662516966652743 0.0269995123565159 0.9906562458012278
0373 1.3905510947455453 0.0694810808936699 0.3355476761570593 -0.1123001229048835 -0.0484334972612463 0.0540476279137912 0.9910205510762554
0374 1.4158564075869793 0.0716817693497701 0.3473499912698044 -0.1196053447479829 -0.0207385182090652 0.0767136018225194 0.9896360435360183
0375 1.4387270703363604 0.0759507652673163 0.3583737018826355 -0.1263963782890321 0.0022040137987932 0.0893304285113305 0.9879469481812133
0376 1.4590634607198911 0.0824938383080508 0.3684942672602936 -0.1391187005480199 0.0300262742796832 0.1012212151144014 0.9846312383940886
0377 1.4795779761741190 0.0890203033951607 0.3773184754055819 -0.1505984136193642 0.0600076695161382 0.1132437792204834 0.9802525408701755
0378 1.4982048016778136 0.0962087705112522 0.3872543589563448 -0.1606310858727574 0.0953570323995327 0.1212335933111332 0.9748882533276130
0379 1.5165087804185062 0.1028725628582327 0.3975411511791549 -0.1731826297870634 0.1339766530072902 0.1185290432229056 0.9685085952647312
0380 1.5360893204037172 0.1052996646702938 0.4086585469593095 -0.1776068608338005 0.1779316980867129 0.1257889877745081 0.9596735092495814
0381 1.5545279138928882 0.1054206801876358 0.4202725601954593 -0.1858740222664741 0.2218755082135168 0.1296671246554718 0.9483715218652754
0382 1.5726325573838031 0.1033140221920825 0.4304939264102627 -0.1908379518756816 0.2593694378342436 0.1223483414313987 0.9387967054641964
0383 1.5890856304053815 0.0984908908987007 0.4383563325192953 -0.1941663357989948 0.2937778830564817 0.1035461183092785 0.9302000810859593
0384 1.5979898825785543 0.0875936906961588 0.4506699787050449 -0.1835713258135708 0.2974372401259664 0.0759795736684620 0.9338414002979603
0385 1.5965446896393098 0.0730735947741379 0.4744632301290678 -0.1718898313383799 0.2662901257963297 0.0410802739292011 0.9475525662884036
0386 1.5912468167897806 0.0627888029493484 0.5045679402331407 -0.1672605458002225 0.2193076296387870 0.0173399572087635 0.9610553570345605
0387 1.5896180417823540 0.0603184675085495 0.5331252038929871 -0.1643084001985573 0.1773495373319149 0.0065965297692796 0.9703125151348657
0388 1.5926944265811254 0.0628042574815186 0.5589061522836187 -0.1673416548776873 0.1453252727550542 -0.0011923900997169 0.9751286652782368
0389 1.5953580818522444 0.0665858079334851 0.5838594856399983 -0.1698774562163100 0.1164558426616478 0.0004570675138473 0.9785598998879576
0390 1.5959112492582650 0.0698953014095684 0.6083589709708888 -0.1667769824847009 0.0813690529652629 0.0043919180946330 0.9826216089565117
0391 1.5923523501387913 0.0690662360436665 0.6316276670948425 -0.1646183315189792 0.0452460825536487 0.0003520806273753 0.9853189701719377
0392 1.5901302794828294 0.0689924351061110 0.6544886723123611 -0.1657284024761437 0.0113194778661786 -0.0010226392289595 0.9861059376367987
0393 1.5878353332612967 0.0669047818701881 0.6715957712847721 -0.1655930385892490 -0.0135122343408528 -0.0055312930258126 0.9860860864505493
0394 1.5838397817886296 0.0657609437456356 0.6875839958662198 -0.1659894835664847 -0.0344246813274613 -0.0053554311296660 0.9855119238336236
0395 1.5794242206295381 0.0620768379521290 0.7024857757854123 -0.1625636846878583 -0.0493523633283504 -0.0114214807105613 0.9853968451507198
0396 1.5737918416804375 0.0589045062171329 0.7198696663944300 -0.1643104075014139 -0.0573209866075132 -0.0119540460946073 0.9846692313985591
0397 1.5636011897465576 0.0554363528822364 0.7389067029718577 -0.1670513356459240 -0.0648468737918091 -0.0208345048990794 0.9835927295501693
0398 1.5500579323689283 0.0484796573914159 0.7598433156406263 -0.1627356648955643 -0.0808204312354700 -0.0272666128196707 0.9829759371883181
0399 1.5379786581631547 0.0356487692813305 0.7847124042006823 -0.1513528498980894 -0.0877008060384076 -0.0307884090724362 0.9841000748474362
0400 1.5296459665689142 0.0195603935645222 0.8095913539859474 -0.1408105541326620 -0.0875947568814924 -0.0331416567485676 0.9855968633268293
0401 1.5235166256227346 0.0058111255257346 0.8310041090816360 -0.1298156860786240 -0.0834057364331617 -0.0328067841482436 0.9874791570923555
0402 1.5200537262721654 -0.0014732873096098 0.8485704713471610 -0.1258543510820333 -0.0774843949873864 -0.0332527138178212 0.9884589560881671
0403 1.5214185514952892 -0.0076638458621432 0.8621153733033697 -0.1221189107730828 -0.0672709200052144 -0.0275393360083476 0.9898500795198567
0404 1.5314029086121972 -0.0119097751406757 0.8743995115363457 -0.1181008076523093 -0.0499403078409537 -0.0142009993466274 0.9916433312951685
0405 1.5478114338557050 -0.0093401573620549 0.8900324127018509 -0.1233518799141067 -0.0355855683298955 -0.0009671702646027 0.9917242790362519
0406 1.5675756528876070 -0.0020601308746966 0.9076489140086701 -0.1320519393253493 -0.0269942004551613 0.0101103209490445 0.9908235866553178
0407 1.5906608342310229 0.0119123338748497 0.9268345649398797 -0.1461425399895832 -0.0243316872479631 0.0174918459537520 0.9888095682820786
0408 1.6169162871276221 0.0295890691647252 0.9467266962342265 -0.1606065920792978 -0.0218212021090534 0.0218652895425894 0.9865349800348738
0409 1.6476740668125838 0.0435052900417419 0.9648858918891294 -0.1753532707243953 -0.0139597035313361 0.0279056716987383 0.9840109911025464
0410 1.6764794044150302 0.0565946353206114 0.9840033655004428 -0.1907516137252944 -0.0089379874542549 0.0271169508044342 0.9812230150279466
0411 1.7016072801687177 0.0572506247748594 1.0014339098419973 -0.1835704630731670 -0.0006872088853690 0.0315140266947907 0.9825010325452747
0412 1.7188464995104524 0.0484275756504987 1.0187994646927829 -0.1715704749739462 0.0035961857421922 0.0277221058008418 0.9847751643980920
0413 1.7332128299049108 0.0318408179958655 1.0347460070975218 -0.1527148674650455 0.0059474156184026 0.0247430785202455 0.9879425983162871
0414 1.7390418978694653 0.0161886336579498 1.0556072317657126 -0.1423079844866301 0.0012298512130772 0.0111963512624181 0.9897583375429353
0415 1.7396666052014829 -0.0019033881113684 1.0783361643358809 -0.1299566837404975 -0.0071999138640254 -0.0014287997152891 0.9914925012943347
0416 1.7374473083957482 -0.0202203994114284 1.1006724390717593 -0.1194000567966643 -0.0205519518675659 -0.0167020586502188 0.9924929646845017
0417 1.7341683823711134 -0.0367718017441278 1.1248472596321970 -0.1100028842868501 -0.0304414476205017 -0.0271214519726599 0.9930947137902996
0418 1.7292934736561183 -0.0493576431012034 1.1491065266786018 -0.0996824493337202 -0.0446048936278528 -0.0336974358130484 0.9934476813496039
0419 1.7241851917254749 -0.0561487896719015 1.1705089889305229 -0.0974124997451672 -0.0549865618764112 -0.0400854319459060 0.9929151227834729
0420 1.7181732720228053 -0.0619857368923323 1.1871995332978971 -0.0917561648184868 -0.0682057263969899 -0.0431097739102380 0.9925070944320099
0421 1.7125530166835912 -0.0684856830513433 1.2023425008171760 -0.0803302664177411 -0.0753417232332509 -0.0330248541483371 0.9933680244732969
0422 1.7176953501297869 -0.0681800733747621 1.2207485046395796 -0.0784336901228839 -0.0547463805904805 0.0013992389296060 0.9954140004020273
0423 1.7384942676796877 -0.0560314203141984 1.2337662288301812 -0.0829775955896972 -0.0172135207883829 0.0399868362323178 0.9956000533649797
0424 1.7723206215124854 -0.0416135018073118 1.2398707442982950 -0.0859653242984993 0.0322041449421977 0.0510363964036986 0.9944687739235053
0425 1.8094279946267549 -0.0297465849156077 1.2383795655167908 -0.0836317479194601 0.0872185270024823 0.0678634881955411 0.9903500422867594
0426 1.8461548242471282 -0.0207676041105820 1.2361315545114284 -0.0851117002283840 0.1458970833032462 0.0776125562841773 0.9825712852892021
0427 1.8789134935739027 -0.0155200758441301 1.2305143846579860 -0.0787443665800422 0.1993315861677790 0.0972340627854104 0.9719114056960069
0428 1.9054847873059906 -0.0105531033326427 1.2226868156799275 -0.0766048823602346 0.2494899203517864 0.1107267285840196 0.9589713568290321
0429 1.9285640617625861 -0.0053615664681381 1.2182238629915905 -0.0751258975326436 0.2932696816301276 0.1281032037395786 0.9444249904296972
0430 1.9470740520837688 -0.0009710083008735 1.2155776003262506 -0.0730178951885205 0.3457337812694509 0.1369844011215096 0.9254035948280874
0431 1.9675425968958193 0.0078052985212674 1.2144136076195018 -0.0778836903958189 0.4034987783876244 0.1508935674580999 0.8990850893601733
0432 1.9867228701512696 0.0140776480079348 1.2196108217335344 -0.0783422910460546 0.4650518316639731 0.1620503716749588 0.8667923374947695
0433 1.9986541570312508 0.0136858715675793 1.2299711539142386 -0.0802448041152812 0.5041647724694687 0.1628172440063787 0.8443158168999774
0434 2.0067879186857422 0.0081097426996701 1.2389441348300159 -0.0768487527970726 0.5356369394451903 0.1623793478118046 0.8251183464809982
0435 2.0141823335007474 0.0017633477198288 1.2403053144790341 -0.0742969338140819 0.5637790639633486 0.1537779698959180 0.8080751627399069
0436 2.0192410619461794 -0.0012554460308187 1.2369072055259616 -0.0823058351948799 0.5888692159723796 0.1456071963938370 0.7907321546081669
0437 2.0275098196465633 0.0003326049693244 1.2294853338538925 -0.0886177959174251 0.6195604174172803 0.1443901098956860 0.7664484794040466
0438 2.0398062954540435 0.0009294047458757 1.2267167838395796 -0.0912783731984202 0.6358445925296714 0.1462101565168554 0.7523247323253055
0439 2.0554526838691642 0.0021186833973242 1.2260012502227520 -0.0906151315312359 0.6547922997524408 0.1457307846304440 0.7360696166351938
0440 2.0752064459284179 0.0021963313318243 1.2339993861890852 -0.0905219351063236 0.6558082962120658 0.1435996883569269 0.7355952605800473
0441 2.0944890043850686 -0.0002748577789912 1.2493483196062805 -0.0885997951521679 0.6460212427616823 0.1376044828952611 0.7455679958841940
0442 2.1132353584008809 -0.0016117522770611 1.2638784682083952 -0.0899272906946609 0.6306470761749183 0.1366420161138569 0.7586345016756654
0443 2.1285316390700912 -0.0029609363613997 1.2761475130433573 -0.0876294143907218 0.6148637856049527 0.1391903988248916 0.7712908943842480
0444 2.1389039690539988 -0.0039660889618637 1.2890610765789348 -0.0883630151483783 0.5996335397102620 0.1336188405008972 0.7840775478685931
0445 2.1483109600805546 -0.0060921440704317 1.3034355342702282 -0.0936908439647220 0.5774151801901983 0.1289664392087310 0.8007380301952193
0446 2.1554626959012864 -0.0060230397645540 1.3206495613519489 -0.1057538602011668 0.5544697482444744 0.1246235218469690 0.8159953413694950
0447 2.1588883794909175 -0.0053438405074152 1.3399595332459584 -0.1150676777800579 0.5302917939199424 0.1190679032833539 0.8314883506334775
0448 2.1625336342125423 -0.0040484896439102 1.3641934542941017 -0.1268474885776853 0.5072635627129756 0.1156591507620721 0.8445213753542711
0449 2.1633991884560424 -0.0062143453421832 1.3944433964562410 -0.1379165256048598 0.4829087032591672 0.1132727394250256 0.8572907924297237
0450 2.1643102976471496 -0.0060529105455478 1.4310271265680869 -0.1518647227223686 0.4553398399807687 0.1078259613150754 0.8706183424355505
0451 2.1650440179632975 -0.0089759300357701 1.4652237527516261 -0.1559836612072039 0.4338499516991496 0.1022809033940578 0.8814657869979623
0452 2.1636790264587615 -0.0146528560576065 1.4975797550970535 -0.1540613516127956 0.4163537094542268 0.0958233543767164 0.8909167039173402
0453 2.1589899725160495 -0.0214701277626681 1.5290125911662540 -0.1507084965994133 0.3956036847464264 0.0893291766123048 0.9015569709527861
0454 2.1545644958832715 -0.0282706290964777 1.5611854056937156 -0.1469435554376232 0.3638185547465436 0.0818837526391078 0.9161543002088809
0455 2.1518804790130046 -0.0323089251467433 1.5903054532161351 -0.1439299285664812 0.3303455131179063 0.0760726451465440 0.9297144563177034
0456 2.1509942963045474 -0.0342603898355028 1.6186960359331546 -0.1430343035350229 0.2952066378887860 0.0708687646245346 0.9420041651496247
0457 2.1528465286904765 -0.0321577382799340 1.6456095632909475 -0.1442412499713719 0.2666904488835045 0.0701355575492855 0.9503429222382107
0458 2.1601296978526907 -0.0287941934760364 1.6730820869484186 -0.1428526135459926 0.2393431348483321 0.0666470786144196 0.9580533187230318
0459 2.1684073264535400 -0.0264593294864020 1.7025532894234519 -0.1382835643011849 0.2123359661828967 0.0722511492420279 0.9646610102738378
0460 2.1787360829114570 -0.0284755624064424 1.7256693091574409 -0.1308905492756193 0.1875801796754446 0.0732224130583892 0.9707315893330970
0461 2.1893116197023552 -0.0309618678525699 1.7438040170946927 -0.1262451847515192 0.1800589338321412 0.0727913419952183 0.9728012922507979
0462 2.1974450687559237 -0.0358323595768359 1.7587090555728118 -0.1175004101305531 0.1754110383640290 0.0700208183214974 0.9749470274024087
0463 2.2077963641871099 -0.0420934673084357 1.7723053547675680 -0.1087057321427638 0.1826758884404632 0.0863596231588573 0.9733214263898917
0464 2.2144868812615845 -0.0483552501422669 1.7872995444388324 -0.1015467699778779 0.1841321186709575 0.0939984651193944 0.9731124831878393
0465 2.2240026489056115 -0.0534625107028129 1.8048872555838420 -0.0972104437276009 0.2004962009543581 0.1022616393183857 0.9694812840674487
0466 2.2372662222784605 -0.0560744564389288 1.8229349586107710 -0.0962803388476526 0.2266589608731895 0.1097482954020953 0.9629699494083926
0467 2.2491669438722441 -0.0569692971031482 1.8414510296455968 -0.1008942326504992 0.2564911138232184 0.1164885071147834 0.9541818956874841
0468 2.2634704932320888 -0.0560301919600907 1.8559089515383831 -0.1095818553706337 0.2914620526409482 0.1219963861350610 0.9424216522416279
0469 2.2742191189983760 -0.0577781472740642 1.8680167852277807 -0.1133953208694134 0.3210001695194360 0.1204273766959256 0.9325221923984192
0470 2.2834520189246197 -0.0587086603442170 1.8782620422121443 -0.1188902241462679 0.3441857797565167 0.1217812722846511 0.9233474889425867
0471 2.2929646506673080 -0.0593898448712664 1.8836340262470110 -0.1221743934067945 0.3688510355616873 0.1246725207714571 0.9129507619391329
0472 2.3066067444385512 -0.0617880979860261 1.8850719175533290 -0.1229871839403179 0.3978776250732770 0.1292636803075806 0.8999213571228427
0473 2.3228027815499868 -0.0673982234615643 1.8863738220426534 -0.1170611419930973 0.4221712129998527 0.1197371703858276 0.8909159140892594
0474 2.3406873556343588 -0.0695350154696963 1.8934617259394928 -0.1112344229208537 0.4307816693529941 0.1134025940463576 0.8883658639155769
0475 2.3588176161144512 -0.0693281415481061 1.9083766562150857 -0.1090763058729910 0.4157668815786077 0.0982820213880572 0.8975415889814682
0476 2.3761843906548470 -0.0652363510785311 1.9284120514177761 -0.1061698553914421 0.3873156345115500 0.0925435860735979 0.9111258122486233
0477 2.3925282671000301 -0.0646971137039223 1.9520420434089836 -0.1086683732586636 0.3367327344608828 0.0739702201896025 0.9323790306098237
0478 2.4024502394633309 -0.0629658652727479 1.9775904854186170 -0.1160301259350912 0.2928491961486280 0.0589640800830717 0.9472589906939636
0479 2.4078889056529302 -0.0586114998964669 2.0039031280045752 -0.1210602877874487 0.2369669000259567 0.0500117626482389 0.9626473490379148
0480 2.4093318399647443 -0.0567252278974155 2.0256747708966900 -0.1206594380742306 0.2013596835306993 0.0442246334391212 0.9710508532765947
0481 2.4055711771467525 -0.0573669983883978 2.0481044547352409 -0.1266574827611869 0.1679193760732536 0.0368722893742701 0.9769346956046083
0482 2.3963663219610170 -0.0589116548535747 2.0724154113796573 -0.1278103148669483 0.1392890975227595 0.0327812606750885 0.9814216523357627
0483 2.3783382672763755 -0.0604441630244190 2.1025530880374199 -0.1259377900245416 0.1034318987818359 0.0223131202068403 0.9863790549402155
0484 2.3555401771261586 -0.0668541322807776 2.1331901272846756 -0.1272969764617119 0.0619278383312759 0.0020824324364799 0.9899273135430040
0485 2.3343368442113368 -0.0734350821323982 2.1627506943991475 -0.1312446603320153 0.0259788217651674 -0.0031597318230682 0.9910045186823486
0486 2.3157040478079525 -0.0797460473713402 2.1889926581170260 -0.1315704595074919 0.0032451518368961 -0.0120651250960440 0.9912280847166102
0487 2.2983661595680682 -0.0873834765495458 2.2134525195134827 -0.1282349614254312 -0.0219470964386150 -0.0273832457442618 0.9911227358297466
0488 2.2840857893345015 -0.0919166971493859 2.2350901368820719 -0.1243115654461717 -0.0352644297521691 -0.0363069090574328 0.9909514937903223
0489 2.2721063647095185 -0.0945619471753877 2.2520895209346175 -0.1199605978080202 -0.0589936587867916 -0.0377951649777190 0.9903033518578018
0490 2.2646179638121393 -0.0982653485103811 2.2676215098025940 -0.1209168085534301 -0.0741130224297071 -0.0390241137745090 0.9891225929376508
0491 2.2637755029199842 -0.1030209385405347 2.2830234776554876 -0.1090503434154377 -0.0882800919157534 -0.0365751931006388 0.9894326168173213
0492 2.2697941145297529 -0.1090506807091964 2.3013583541796097 -0.0957677248725608 -0.0946850475817816 -0.0321141421657930 0.9903696110594895
0493 2.2887967938089400 -0.1100181053757000 2.3210696689636894 -0.0883395148188276 -0.0927934448185217 -0.0141061807975814 0.9916584706357283
0494 2.3170241231014779 -0.1120191636001956 2.3392941578518345 -0.0856536948581873 -0.0703104960098673 0.0015350518028068 0.9938397870501809
0495 2.3457338797031628 -0.1112430607860201 2.3538634321705754 -0.0901115110085057 -0.0514633273818902 0.0168258384091157 0.9944588139688735
0496 2.3724821551407080 -0.1063970294923980 2.3660540107706556 -0.1013537687074943 -0.0256928601114406 0.0296480068611840 0.9940765997634392
0497 2.3934030953388112 -0.1013738658917825 2.3759772133145876 -0.1071755066296402 -0.0043499165214967 0.0401292599052667 0.9934204203177985
0498 2.4134716577774342 -0.0969735170877177 2.3861284548554553 -0.1152822757250619 0.0248862800154503 0.0545744155113176 0.9915201980505701
0499 2.4351381672509036 -0.0916704720333267 2.3964985743336316 -0.1246904550839547 0.0675986306127290 0.0720184784663129 0.9872669620268054
0500 2.4563345131274970 -0.0874331278117734 2.4080825849603333 -0.1320018206888695 0.1187667295142401 0.0785488969763395 0.9809689363476882
